[[1.44429765e+03 0.00000000e+00 7.20343308e+02]
 [0.00000000e+00 1.44429765e+03 7.46083599e+02]
 [0.00000000e+00 0.00000000e+00 1.00000000e+00]]


[[-0.05734242]
 [-0.02480697]
 [ 0.00850085]
 [-0.00666991]
 [-0.30300036]
 [ 0.08520375]
 [ 0.11683133]
 [-0.54182333]
 [ 0.        ]
 [ 0.        ]
 [ 0.        ]
 [ 0.        ]
 [ 0.        ]
 [ 0.        ]]

[[1.33970787e+03 0.00000000e+00 7.90683475e+02]
 [0.00000000e+00 1.33970787e+03 5.58570502e+02]
 [0.00000000e+00 0.00000000e+00 1.00000000e+00]]

[[-7.60676799e-01]
 [-5.66892007e+00]
 [ 1.53040206e-05]
 [-7.54334152e-04]
 [-2.97363305e+00]
 [-5.42569805e-01]
 [-5.97103108e+00]
 [-4.01688050e+00]
 [ 0.00000000e+00]
 [ 0.00000000e+00]
 [ 0.00000000e+00]
 [ 0.00000000e+00]
 [ 0.00000000e+00]
 [ 0.00000000e+00]]

[[1.39600404e+03 0.00000000e+00 7.31255395e+02]
 [0.00000000e+00 1.39600404e+03 6.62993401e+02]
 [0.00000000e+00 0.00000000e+00 1.00000000e+00]]
[[-0.07742588]
 [ 0.03566092]
 [ 0.00470899]
 [-0.00515483]
 [-0.82473463]
 [ 0.09419457]
 [ 0.06327745]
 [-0.99720608]
 [ 0.        ]
 [ 0.        ]
 [ 0.        ]
 [ 0.        ]
 [ 0.        ]
 [ 0.        ]]

Calibration ditances: 2.76 156 und 91cm jeweils